1,2,8,4,5,6,9,10,11,2,4,8,5,4,7,8,1,2,5
2,4,4,5,-1,1,7,8,19,1,3,2,7,9,11,12,5,23,4
2,5,6,9,3,4,1,11,9,2,6,12,11,3,5,4,8,3,5
11,17,1,2,3,4,7,5,6,11,19,5,2,11,12,9,9,1,1
2,3,3,-1,3,5,6,9,11,2,8,9,1,2,-1,1,8,23,3
67,2,5,5,5,6,19,4,11,4,7,3,3,12,-1,17,4,23
1,1,3,3,2,1,7,2,7,7,11,9,4,6,7,1,1,23,1
2,2,6,9,7,2,1,1,9,12,5,5,8,9,2,12,4,8,19
5,5,14,2,3,4,9,5,5,1,3,2,1,7,3,4,3,88,1
22,3,8,8,3,2,2,4,4,2,8,7,6,2,2,2,2,17,11
11,5,6,3,3,9,8,2,12,11,4,5,5,1,1,1,11,12,13
23,5,7,22,3,4,4,8,9,1,1,1,52,6,5,1,2,3
7,18,2,3,4,20,1,6,3,3,19,2,6,8,5,9,8,1,3
1,6,6,4,13,19,6,8,18,45,8,3,2,1,4,4,5,2,12
6,5,8,1,32,14,41,8,1,13,15,1,2,16,9,9,12,11
9,8,21,36,3,2,8,9,32,3,1,24,6,8,7,6,17,8,12
3,26,3,9,11,15,6,7,2,3,14,6,7,17,15,2,16,18,9
1,7,2,3,6,7,12,9,1,10,10,3,4,6,7,11,10,5,5
9,4,5,6,7,11,10,6,3,-1,56,2,9,3,5,16,7,12,1
0,0
18,18
end
