1,2,8,4,5,6,9,10,11,2,4,8,5,4,7,8,1,2,5,3,4,2,1,3,4,6,7,2,7,1,8,4,5,1
2,4,4,5,-1,1,7,8,19,1,3,2,7,9,11,12,5,23,4,7,1,12,8,-1,2,1,12,1,3,33,2,7,6,9
2,5,6,9,3,4,1,11,9,2,6,12,11,3,5,4,8,3,5,9,19,2,9,19,8,8,3,3,9,19,-1,9,10,1
11,17,1,2,3,4,7,5,6,11,19,5,2,11,12,9,9,1,1,3,67,3,7,4,5,9,19,2,7,8,4,7,8,5
2,3,3,-1,3,5,6,9,11,2,8,9,1,2,-1,1,8,23,3,8,1,1,17,16,2,1,1,1,7,6,9,7,2,3
67,2,5,5,5,6,19,4,11,4,7,3,3,12,-1,17,4,23,9,2,6,8,10,1,6,2,8,7,1,2,8,10,2
1,1,3,3,2,1,7,2,7,7,11,9,4,6,7,1,1,23,1,6,7,6,18,3,5,9,12,16,5,6,5,7,6,16
2,2,6,9,7,2,1,1,9,12,5,5,8,9,2,12,4,8,19,23,3,14,7,2,5,7,7,3,3,2,9,8,17,2
5,5,14,2,3,4,9,5,5,1,3,2,1,7,3,4,3,88,1,2,7,9,6,8,2,3,5,6,6,10,11,7,10,11
22,3,8,8,3,2,2,4,4,2,8,7,6,2,2,2,2,17,11,1,12,5,10,20,5,9,12,5,7,6,1,1,1,1
11,5,6,3,3,9,8,2,12,11,4,5,5,1,1,1,11,12,13,7,23,24,30,2,7,7,6,3,8,2,10,2,5,17
23,5,7,22,3,4,4,8,9,1,1,1,52,6,5,1,2,3,6,9,1,7,18,2,8,12,11,10,12,16,18,8,1
7,18,2,3,4,20,1,6,3,3,19,2,6,8,5,9,8,1,3,6,7,2,7,16,9,8,15,14,7,2,10,7,19,10
1,6,6,4,13,19,6,8,18,45,8,3,2,1,4,4,5,2,12,8,19,6,23,3,14,7,12,13,-1,-1,2,4,5,16
6,5,8,1,32,14,41,8,1,13,15,1,2,16,9,9,12,11,3,4,2,8,9,10,5,6,2,1,9,80,6,8,1
9,8,21,36,3,2,8,9,32,3,1,24,6,8,7,6,17,8,12,1,8,7,5,8,19,17,18,2,2,7,8,6,86,16
3,26,3,9,11,15,6,7,2,3,14,6,7,17,15,2,16,18,9,1,5,6,4,14,6,67,43,1,1,9,2,6,2,9
1,7,2,3,6,7,12,9,1,10,10,3,4,6,7,11,10,5,5,2,3,4,17,2,29,1,56,2,8,7,3,10,1,12
9,4,5,6,7,11,10,6,3,-1,56,2,9,3,5,16,7,12,1,7,24,12,30,4,15,8,19,2,1,10,23,15,7,3
8,7,2,3,4,6,9,10,12,3,4,6,7,18,3,5,4,1,2,9,10,11,6,18,9,7,78,12,7,15,7,9,1,7
8,9,2,3,4,5,6,17,18,2,7,9,12,13,15,2,8,9,4,16,22,12,12,11,6,3,2,17,7,19,2,-1,2,8
7,8,4,4,3,7,12,11,6,16,7,8,9,13,2,24,5,6,2,8,19,20,7,8,2,6,8,5,8,9,1,-1,8,2
1,4,5,7,18,3,2,15,17,2,4,8,9,1,10,2,6,17,2,34,5,8,17,2,19,5,5,5,8,4,5,8,19,2
67,1,2,15,6,7,18,9,10,11,13,-1,7,18,2,8,9,3,2,4,8,1,10,2,8,1,2,7,8,18,2,7,6,3
1,17,2,3,18,13,15,51,6,18,2,5,9,2,5,6,5,4,2,1,8,19,1,2,15,5,8,2,8,16,3,7,19,10
4,78,2,3,14,3,7,2,4,5,-1,18,9,4,5,7,23,4,5,18,2,9,2,4,45,6,5,2,7,18,19,8,19,6
78,1,2,6,5,17,87,3,4,2,6,7,4,45,2,19,34,2,7,8,1,2,3,4,7,5,3,2,-1,2,7,7,19,4
7,10,2,5,6,8,1,19,5,4,2,3,8,1,9,17,1,2,6,7,1,8,2,3,9,1,3,7,1,9,2,7,10,2
18,2,3,16,7,2,10,6,18,2,3,6,18,2,19,3,2,17,8,2,17,18,2,3,9,7,8,3,16,17,2,6,7,3
3,7,1,9,4,2,7,19,2,6,5,7,18,2,3,4,9,10,11,2,3,56,4,2,3,18,2,8,1,-1,9,3,17,9
8,2,6,5,7,1,9,2,3,4,5,6,7,1,9,4,3,4,2,7,6,1,8,9,4,2,3,17,19,23,26,8,3,18
8,2,3,4,5,17,8,2,3,4,5,6,7,18,6,5,4,9,10,2,3,4,5,17,8,2,9,3,4,5,18,4,5,10
8,7,1,2,3,17,4,3,2,7,19,2,6,7,5,9,1,2,3,6,17,8,-1,9,10,1,2,3,15,6,17,19,2,1
1,7,2,9,1,2,3,4,6,1,7,18,2,3,15,6,2,8,10,8,-1,2,3,17,7,2,43,8,2,9,1,10,3,2
0,0
33,33
end
